-25.387360 -14.118743 -48.398328
50.884396 -51.489942 -46.051675
89.329387 -70.790141 -31.836666
-27.433390 -36.669583 -40.183435
82.752654 -23.617472 -12.378787
24.201165 -79.064497 -72.892532
45.007965 -36.871354 -31.074356
-15.706975 13.275678 -52.328317
36.922719 -15.942290 4.037608
-25.421474 -54.117841 -24.199481
14.084854 -43.450596 -55.346731
35.305473 -58.477372 -67.299797
-16.666509 -8.171685 -44.049129
110.212385 -48.281534 11.150141
-3.292010 -58.888232 -93.887282
7.247273 -1.585703 -65.878491
59.908557 -60.045748 -48.255154
-31.253355 -52.531740 -72.421123
113.716429 -63.923670 -0.837323
13.965990 -25.756587 -60.105735
82.627396 -18.735872 14.304474
44.769113 -44.842592 -120.407889
115.514154 -56.650214 11.252709
25.041414 -46.413327 -121.099663
-30.637864 -50.524482 -44.900559
41.959674 -4.771841 -5.168898
1.435249 -74.967331 -52.902224
-14.418479 -2.638793 -47.519696
85.242859 -45.441606 -10.298885
-2.527668 -76.603464 -89.410287
48.491067 -69.835875 -104.054545
110.288261 9.376762 58.422757
-6.160309 -40.284824 -40.772679
10.362185 -23.662924 -60.103670
4.397021 -67.738013 -97.740096
-12.526232 -6.359347 -71.356098
89.290008 -66.867813 -38.166973
-27.876209 -32.217238 -81.099703
41.446054 -97.168666 -77.759636
115.684289 -57.870254 -1.126390
87.596960 -65.076882 -25.942195
35.767096 -30.669056 -96.332693
-16.404754 -16.027353 -92.831749
146.908884 -52.948872 43.909537
65.831065 -37.067839 -117.324918
-4.754895 -51.722539 -41.403426
32.690092 -12.796651 -84.849984
56.918539 -73.785488 -68.995128
61.699253 -77.746777 -97.391205
11.956150 -35.961864 -40.658282
5.806212 -41.611196 -50.730980
97.542270 7.456548 53.500293
61.019828 -77.531310 -76.521766
32.351177 -89.384172 -74.786517
-32.588264 -22.164715 -80.074903
61.192478 -85.837462 -86.511440
55.854836 -83.581764 -82.166222
83.960261 21.506954 56.339947
43.615971 -78.188780 -104.133360
-15.013370 -36.787095 -31.547448
49.811924 -62.096868 -79.627945
70.216393 -45.854001 -105.573600
61.457616 -37.036500 -42.100179
-16.735894 -30.214078 -34.519826
77.849041 -41.025156 -30.711899
-13.070471 -45.380640 -36.224176
82.794590 -49.256823 -32.537348
88.192935 -54.064297 -30.259395
-10.016949 4.203009 -53.162696
25.880226 -31.439398 -72.738958
-16.273266 -22.833753 -93.477600
-16.300298 -42.605079 -33.760125
-25.279041 -44.921473 -79.596612
69.292984 -22.731430 1.662045
66.235083 -22.451782 0.281035
42.995029 -68.586447 -73.164773
56.194385 -79.252121 -78.017589
55.521109 -78.644875 -77.003937
74.582445 4.069813 44.210978
31.812661 -62.056758 -68.324062
-16.049278 -28.279964 -36.728803
57.069782 -95.411445 -80.312090
84.048295 22.055053 65.618602
35.468795 -92.067721 -70.440653
37.986759 -45.539905 -71.306307
60.031693 -80.133836 -87.142707
-19.387732 -59.381741 -54.913525
101.024248 -21.527264 23.890345
73.355694 -60.928190 -36.470259
57.470057 -73.470375 -85.183497
-9.615710 -52.142320 -90.564909
122.059281 6.933117 41.552427
126.709583 -0.647348 39.703145
46.366357 -95.786809 -84.617551
58.965929 -65.421122 -55.921043
19.425442 -13.268367 -21.310345
30.303529 -53.927841 -64.299994
-34.699375 -42.940777 -32.132039
40.451024 -16.680314 -31.812801
22.044883 -85.731489 -64.348822
121.797742 -43.596317 26.328387
29.442914 -9.083488 -13.143432
106.159944 5.648299 30.562171
95.748373 -58.382136 -24.676744
-22.895366 -5.392185 -72.037910
123.601600 -60.554674 10.938568
35.139937 -56.675083 -65.436866
82.966339 22.333139 61.946898
-12.097439 -29.118143 -95.143309
41.055609 -65.326916 -119.112604
79.397352 3.276369 42.827643
111.471734 -21.869775 14.159194
115.180894 -63.358438 0.201136
113.622746 -63.963287 -0.458536
23.637003 -30.808011 -70.585861
56.343316 -87.340080 -82.036703
80.864590 -10.843937 22.478468
126.669577 -59.462876 19.648365
53.364456 -78.683815 -77.566528
-13.690117 -25.599511 -40.123378
-12.898269 -29.654204 -32.430476
20.989205 -54.286427 -61.974942
48.869978 -72.838565 -74.967557
-13.245828 -45.172744 -36.117158
53.107030 -57.963185 -71.082727
69.593491 -22.972873 -22.377385
58.707974 -76.755681 -82.080418
13.113971 -82.619630 -100.708268
14.134276 -70.839578 -104.959130
-27.542729 -12.693214 -67.592224
78.726767 3.399727 43.004134
7.433565 -22.605013 -57.990083
15.022992 -30.909459 -28.370409
113.951526 -45.058873 3.731995
42.605757 -88.665113 -70.206234
-43.658130 -50.397241 -62.699986
145.127120 -51.828691 47.058867
57.530846 -14.104976 8.823847
111.802657 -37.992908 5.237075
119.809291 11.134714 49.981088
70.724107 -66.601940 -59.778050
41.576088 -68.252419 -72.898554
-20.936951 -46.539947 -82.747807
105.217994 -3.964122 21.015114
107.524711 -2.577236 23.797290
-23.797316 -35.404077 -83.578818
65.740828 -20.261288 -22.456959
-39.123947 -49.088189 -53.941155
51.735202 -84.447806 -78.943372
59.592625 -74.272424 -88.454985
43.986320 -90.473692 -84.167952
68.390548 -50.343798 -29.910433
51.158805 -50.569391 -88.331046
117.724781 -33.857755 13.643843
58.448205 -78.627468 -84.462276
8.535617 -18.251443 -31.917051
90.443440 -14.257599 1.459699
-7.804883 -24.269661 -43.297677
-18.238322 -53.622422 -29.618788
39.411606 -11.006112 16.760207
2.931733 -16.089010 -58.095463
19.712408 -29.206107 -64.582907
122.430197 -9.945371 49.456671
40.237989 -32.799207 -84.360191
120.347394 14.504351 48.559938
83.793943 -30.268889 -16.690102
83.176544 -72.568375 -43.304048
16.962748 -34.106320 -112.680635
-7.300955 -67.141170 -48.164075
40.493929 -86.170576 -101.903984
-22.396826 -8.989429 -63.080941
98.202155 -67.387487 -16.962986
71.817264 13.696490 38.526310
10.321803 -38.930956 -47.854672
58.871519 -74.130074 -80.927739
54.648861 -85.444449 -81.137457
86.402452 -56.567079 -34.121796
49.041297 -61.006598 -79.284193
-5.402018 -22.489395 -47.061561
148.220578 -49.974149 41.453475
-15.459869 -52.796293 -85.505991
55.435878 -7.111431 -9.749901
-34.476419 -45.628302 -71.728086
16.175633 -32.024925 -108.868264
-29.476942 -51.476003 -34.206230
61.651916 -59.809901 -46.288300
27.853521 -35.525274 -67.471438
26.046846 -49.080648 -60.112430
-32.724615 -39.768109 -34.879614
4.833888 -43.819616 -105.008799
25.516828 -49.828481 -61.237579
-11.610852 -28.980013 -30.826205
89.713889 -3.173641 36.202080
69.400410 10.388159 29.691722
58.095656 -80.980016 -84.363381
58.440325 -76.709827 -84.125741
15.142684 -53.478152 -57.477940
112.391966 -38.017265 5.825363
52.491546 -29.998766 -42.581636
-34.614734 -39.448700 -55.029301
92.660445 -14.104959 25.490092
13.823350 -25.369513 -62.251502
33.705484 -8.089947 17.764480
36.564989 -59.808249 -68.173528
11.174834 -44.048739 -54.838040
38.938079 -53.844370 -130.535060
-20.771119 -22.120573 -36.601924
46.422337 -21.497325 -36.352893
6.061170 -39.825286 -49.054532
66.953467 -37.814465 -17.774030
4.008633 -33.887724 -31.297451
9.346482 -16.857713 -11.387222
52.914260 -36.045570 -93.986607
-19.664380 -35.932338 -32.340565
75.399443 -66.975096 -54.661291
2.007390 -63.684660 -43.585496
122.002692 -50.482323 10.038237
25.273119 -32.503978 -71.261374
98.265717 -16.170616 26.948594
58.014248 -78.769758 -77.282745
108.383754 18.575920 57.354278
81.426600 -2.095116 34.596464
-18.088045 -27.029677 -36.964081
38.504677 -53.327891 -58.090506
33.549951 -3.834630 15.804449
28.975103 -34.766744 -74.292639
53.746657 -66.324595 -85.590137
46.790808 -29.246302 -90.846509
8.780527 -75.461547 -50.228260
6.795646 1.456347 -68.995805
37.475044 -70.426285 -71.195735
14.486418 -72.820374 -64.680774
39.054548 -69.610333 -118.404648
-38.072990 -27.620745 -70.459995
57.310514 -80.068690 -81.793862
-32.907942 -46.132068 -26.681150
-20.414442 -6.107654 -42.603060
-12.820572 -29.827838 -31.412242
-15.159156 -38.139421 -32.243151
-18.080803 -10.238580 -42.273890
13.839950 -25.672373 -60.787887
59.888049 -94.580299 -85.529753
73.612091 -3.197436 30.789066
50.431647 -33.582263 -105.962199
-13.472909 -29.867176 -33.069815
51.772813 -77.266278 -77.040314
48.862594 -60.905225 -79.813428
84.381224 -33.599185 -0.190630
-2.726882 -70.799520 -90.919730
56.329024 2.035806 10.435609
51.839435 -88.852695 -77.846815
34.806424 -87.784240 -85.210112
89.346317 -55.995661 -30.416167
41.701996 -57.336013 -61.108966
96.151016 -58.831110 -24.503805
16.849681 -16.911923 1.037797
5.542966 -38.603311 -46.663846
1.267715 -35.574564 -34.849682
14.647829 -42.312386 -54.084052
46.392995 -57.568777 -79.012022
15.287081 -40.759017 -51.074233
42.920563 -51.647466 -80.724108
47.191630 -41.368854 -112.241785
0.622585 -68.156525 -62.639800
21.995830 -55.103607 -62.580778
-0.184336 -39.539891 -45.132708
122.376136 -14.601225 46.049861
44.174248 -74.335229 -106.633218
114.030110 -48.701337 14.876516
44.192535 -25.287742 -103.157361
-18.146761 -35.441898 -32.392142
56.971275 -78.626567 -76.436077
103.680005 4.296077 27.746414
-5.780046 -63.994337 -37.006570
19.110089 -9.627026 -73.442841
-19.078662 8.694604 -53.418521
35.922692 -35.613721 -106.246707
51.154077 -52.305145 -46.798357
3.861778 -27.338203 -105.554611
31.815080 -94.041415 -106.635452
-21.876858 -29.830661 -33.421431
-12.427804 -62.794495 -35.235785
29.766976 -57.398518 -66.488997
109.166187 -52.657215 -5.812879
82.588251 -29.120769 2.916990
-29.031156 -50.077070 -74.981557
40.299669 -4.546289 -3.599161
84.199547 -34.122297 -0.815214
60.309973 -69.062510 -74.150796
-27.234761 -11.778718 -67.922249
65.573780 10.530572 32.129876
-27.643834 -22.916779 -58.890015
-10.107970 -30.350762 -26.265473
12.504683 -41.704254 -53.187286
117.705505 -6.742509 48.481042
-44.310562 -54.393797 -61.002587
-7.583669 -43.610580 -41.084558
-8.163500 -40.342377 -38.787493
1.789882 -21.897252 -43.116373
7.223967 -41.373485 -51.243114
28.687580 -55.395353 -65.368541
39.239352 -20.845015 -39.228539
61.957419 3.107624 43.079247
93.632844 -5.133917 35.756375
-22.141673 -35.525789 -31.517882
103.708819 12.898217 37.767101
-0.887134 -59.994043 -42.238782
-4.728301 -66.532412 -38.939340
105.728519 -16.553271 12.223331
-16.714440 -7.071040 -74.888338
14.706473 -9.576778 -83.121007
52.665084 -44.686066 -36.337914
63.791306 -15.810564 -18.629682
-11.075394 -21.481505 -44.705171
42.888715 -52.778334 -75.897044
88.502182 3.780527 45.497070
46.236047 1.074681 30.136074
43.367379 -54.171036 -55.491632
11.901018 -17.160864 -4.335333
20.956056 -28.642465 -68.983444
-15.043951 -33.122384 -31.260733
82.750518 -50.709416 -33.751953
47.156364 -12.531237 10.397156
41.506169 -18.268370 -1.446169
64.887117 -76.724722 -70.787579
20.297342 -10.550072 -86.506639
18.689890 -18.597654 1.632500
-30.027842 -15.996899 -83.989084
25.027128 -8.076056 3.882753
16.791970 -26.056736 -66.029124
87.719420 -69.139560 -29.837361
51.375796 -55.427137 -70.154634
106.354049 19.745581 48.358215
54.426961 -82.963635 -80.679710
60.511858 8.551412 28.975611
87.642123 -57.775153 -19.227159
77.443519 -72.102350 -54.945770
55.095143 -26.819717 -98.467283
-6.907586 -25.998741 -28.439469
110.024985 -33.991041 21.372964
82.952975 13.743295 35.228790
-28.302966 -52.646211 -34.846733
-17.480688 -28.685423 -35.952040
57.434677 -81.676016 -83.488314
46.870982 -58.536288 -58.324016
-18.386953 -5.915068 -73.388691
111.866316 -17.995406 35.129110
52.121924 -80.049243 -78.239694
100.561333 -33.499419 13.330039
40.267116 -60.566636 -124.417867
55.022559 -78.239025 -76.709712
16.025138 -16.860323 0.271383
17.216742 -27.094079 -60.090672
22.861141 -26.317299 -93.991963
-4.896182 -23.724185 -44.538596
48.894768 -26.302296 -93.449670
55.659589 -55.662704 -90.611402
29.039935 -17.003642 5.497362
146.211853 -52.650915 40.370956
5.885950 -22.915780 -53.793907
59.134181 -76.958191 -80.749582
21.262556 -12.744617 -21.183238
103.835413 -40.345640 10.889233
71.205003 -27.621029 -3.140430
26.315931 -55.669756 -64.870964
77.612633 -30.781406 -22.526866
56.010202 -55.682427 -105.033086
-0.122794 -38.746099 -44.039726
52.603451 -83.246815 -79.491129
24.156028 -91.868774 -98.789034
22.272497 -82.080127 -79.950628
138.233541 -18.833719 43.278688
-26.181999 -56.717417 -29.832775
65.364217 -75.273382 -93.037477
40.512106 -22.413495 -9.648858
35.553278 -83.891215 -111.288945
20.592712 -46.446480 -58.523499
-0.461628 -40.301979 -45.703542
-14.281647 -37.075725 -31.310982
43.837106 -30.718788 -101.293362
52.978945 -64.013312 -102.365215
24.155010 -67.960462 -60.807529
-18.618041 -40.618353 -32.485787
-7.232421 -31.683115 -98.457047
60.012999 8.169832 28.006535
64.188799 -30.804648 -34.097805
43.537526 -52.919028 -74.930713
-23.224409 -63.307068 -64.763874
137.378432 -40.352651 45.171475
-7.402539 -24.509174 -42.801339
89.727662 23.706926 71.419827
-22.046195 -38.118909 -30.916340
37.390479 -70.343899 -71.149048
-26.907499 -39.538455 -39.793506
55.156672 -66.526677 -77.432430
9.427810 -25.199577 -8.943095
54.523551 -50.574143 -61.957962
133.605664 -14.932153 38.520218
-12.140010 -39.925141 -33.918406
14.021976 -14.380499 -10.951057
-9.622188 -27.109352 -35.754870
108.041986 -9.544508 39.757981
58.098107 8.183131 29.799087
-19.604004 -48.473789 -83.300344
-10.595163 -43.437709 -38.304513
131.171317 -25.731960 46.878035
-13.008088 -40.032485 -33.723067
-4.402356 -24.106777 -41.092567
30.590362 -74.289180 -117.676721
2.757604 -53.746568 -100.412898
-16.808987 -37.830398 -32.378777
11.026145 -39.459241 -111.427745
56.133885 -79.373584 -78.239808
28.579819 -67.227081 -64.706578
133.273759 -41.406949 39.991232
-22.844938 -5.342064 -71.201771
9.397780 -69.543763 -101.386120
23.706267 -74.365945 -58.584472
97.697332 -38.818819 -9.766999
-11.559029 -39.386966 -33.267330
62.256532 -29.696994 -103.604509
-28.825190 -48.010970 -41.696924
34.561960 -55.954562 -64.835458
120.632517 -56.725599 16.944348
116.061279 -36.734563 25.113025
58.009241 -73.811775 -82.005445
72.423612 -38.839000 -114.999790
29.497630 -24.792120 -50.331515
-35.575760 -52.353905 -25.712192
84.153854 -40.919786 -24.587085
144.732439 -47.700575 37.640729
1.539206 -70.755339 -44.338965
109.567690 -28.417152 25.108239
49.573466 -81.824140 -77.681283
42.453405 -55.766146 -58.361092
41.863167 -62.047155 -67.776238
45.360905 -95.973259 -73.386621
81.622300 17.812723 64.903695
-13.237563 -29.258958 -34.562843
17.701043 -29.007281 -24.134004
17.440768 -61.634405 -57.038502
89.715309 -70.786308 -31.896428
1.455290 -38.149153 -43.720259
26.686821 -30.492606 -100.516274
109.036678 -52.068709 -5.647173
109.783268 3.875066 31.003246
-7.782504 -24.626902 -42.602485
-15.322659 -32.037778 -32.103179
85.501590 18.042544 45.058539
112.364282 -23.193305 14.223428
58.359566 -78.108689 -83.608932
57.514971 4.039002 15.904661
14.394288 -19.440718 -84.329704
87.255266 -16.922656 -3.291573
-2.796979 -39.516266 -43.031730
41.058150 -57.643535 -62.094991
4.281246 -29.136287 -108.786976
51.363454 -98.189439 -88.088220
-18.297092 -63.660632 -39.920656
69.807153 15.789159 48.727323
10.306221 -35.804842 -40.177102
52.087533 -17.242318 2.116985
141.425928 -53.975972 40.691385
-16.444560 -33.365951 -32.228725
119.540013 -61.346093 11.247425
10.632588 -16.396678 -7.487186
52.382518 -70.627121 -97.532128
63.339546 -74.450286 -75.119602
29.476074 -11.574004 -22.262415
-7.198815 -77.292630 -85.318719
69.052155 -27.206088 -3.958055
97.956447 21.617418 51.232990
119.139349 -6.868603 29.754341
72.072009 -8.321669 22.305542
104.923268 -51.262837 3.591845
-15.957186 -44.776539 -34.004801
65.271206 -4.190452 27.679195
72.702293 10.035711 27.775787
99.836008 -1.999662 42.536132
65.172214 -56.118899 -98.406897
31.049560 -32.327023 -60.629497
55.361766 7.716253 37.470642
13.618303 -66.679870 -105.729957
61.417802 -42.234531 -47.027007
-6.305965 -38.991959 -38.679734
13.511795 -55.696345 -108.811871
-13.371492 -12.480909 -84.148726
57.638270 -79.324605 -81.011055
48.321750 -40.874875 -88.765415
136.835789 -54.385191 26.419611
-16.316762 -36.294309 -31.956558
122.066009 -43.030068 26.962079
-6.891068 -57.095113 -91.405696
4.977380 -9.926694 -61.579076
11.329863 -71.306801 -62.487243
-15.776372 -36.435555 -31.775705
133.480994 -36.573675 42.935282
-11.097587 -40.509790 -35.654809
48.501705 -30.435093 -46.068703
35.059475 -7.861264 18.944043
