-68.964897 -35.147261 -104.446597
-31.146142 -50.317610 -29.887250
-21.957895 -52.726420 14.411229
-81.287236 -51.765072 -92.108873
-30.448580 -4.448731 -1.218746
-33.662585 -91.844867 -51.379969
-42.886884 -32.313261 -33.135948
-54.036099 -10.783014 -111.013435
-69.742860 -0.546910 -30.706451
-95.795413 -59.675450 -75.052642
-45.433994 -55.275395 -65.615573
-26.459700 -69.005255 -49.169857
-65.488689 -26.172208 -98.306511
-36.272870 -9.896254 41.820369
-30.731467 -89.234076 -91.233804
-32.744647 -24.684379 -94.137669
-25.705818 -56.804287 -20.516096
-62.930706 -80.430834 -104.224175
-28.478866 -28.015200 45.227913
-38.108166 -41.879581 -75.745954
-49.482415 11.349741 9.915146
22.238160 -78.022362 -74.530206
-34.848062 -16.026569 49.471724
10.087105 -83.967475 -88.991719
-82.751863 -66.624472 -90.871443
-57.271411 6.331230 -36.368934
-61.996951 -84.532754 -60.233377
-60.282839 -22.347014 -100.751585
-35.177192 -22.105079 11.138986
-37.446960 -102.630823 -80.751130
6.888169 -92.004452 -52.739660
-59.196522 61.040826 40.546809
-68.332350 -50.577800 -74.883239
-39.908801 -40.826978 -79.354358
-24.952245 -96.981227 -83.561370
-42.028407 -35.514280 -109.639553
-16.385568 -52.044013 9.518124
-49.912836 -65.682407 -114.827043
-23.153869 -106.059905 -33.040519
-25.721550 -22.417576 43.938069
-26.224558 -45.550019 13.585231
1.624163 -57.144646 -75.381442
-30.438929 -54.112740 -119.099901
-38.917613 8.150084 87.743458
34.772936 -65.324441 -60.558823
-69.457244 -60.554642 -69.191876
-5.041507 -37.200324 -79.686819
-14.994340 -78.454590 -27.179114
8.433020 -93.181525 -36.076329
-56.159413 -42.823347 -63.110593
-53.671717 -53.459619 -70.313163
-63.886657 54.469561 29.357561
-7.597050 -84.103358 -26.244478
-29.382613 -99.930173 -41.745902
-51.450035 -57.462888 -122.201554
-1.795223 -95.659518 -27.513158
-7.901790 -92.959881 -30.320527
-71.463151 65.052682 14.506877
2.091889 -100.402861 -52.818475
-80.027155 -45.439390 -78.424980
-8.930701 -74.369819 -42.886805
26.798018 -66.974412 -47.589648
-24.372239 -33.670631 -26.240111
-77.451350 -41.348014 -84.049262
-23.532378 -28.680588 -6.525263
-77.165855 -54.563174 -75.585056
-20.854531 -35.602997 -0.164409
-20.229879 -37.654377 7.105023
-51.818339 -17.850969 -103.234524
-22.417215 -49.742878 -70.666159
-31.345990 -60.319533 -116.376953
-80.431609 -51.766871 -77.977254
-52.167472 -75.585452 -106.626526
-49.199664 -0.507689 -4.676750
-50.014549 -1.523047 -7.781772
-19.443674 -78.725466 -41.957820
-9.863651 -87.301518 -29.866339
-10.913215 -86.477022 -30.127415
-72.002811 42.512828 8.959534
-28.649469 -73.336953 -50.751679
-74.946734 -40.463524 -85.476284
-11.094248 -102.244945 -23.359849
-78.248454 69.569103 18.974896
-31.274506 -99.721480 -36.072746
-18.977970 -58.839325 -54.764235
-0.812392 -91.193509 -31.169123
-70.128459 -76.274590 -83.605021
-45.778139 17.041112 29.714429
-26.331083 -49.562024 -4.156187
-2.440140 -85.069228 -34.996108
-35.715026 -83.261894 -97.236458
-39.715952 54.146070 41.998038
-37.063770 47.719220 47.843562
-14.636062 -106.755068 -33.377611
-21.709347 -65.031252 -22.728406
-61.088772 -12.971486 -57.661228
-30.850765 -64.808414 -53.391418
-93.224777 -55.339142 -90.817157
-40.809649 -15.952464 -45.665853
-42.861490 -94.445799 -45.838433
-39.401327 3.283987 56.069751
-60.046983 -3.604493 -47.876773
-41.688517 44.820626 25.134750
-20.629558 -37.379328 17.432606
-47.788360 -37.208230 -118.176103
-30.403143 -17.828015 57.070919
-27.570152 -66.657418 -49.142958
-76.110692 67.988284 16.207162
-28.847426 -65.635555 -111.356716
14.510770 -96.189267 -67.797719
-68.127779 42.262021 12.222618
-32.024253 14.789650 32.832780
-28.220043 -26.753890 46.600739
-28.830086 -27.906128 45.364199
-25.297353 -48.743769 -71.545426
-8.507328 -96.086565 -28.262008
-55.006010 21.412969 9.262731
-34.781624 -12.437003 63.254038
-11.847611 -87.221633 -32.009339
-70.345993 -39.077247 -86.564872
-76.498631 -39.122540 -80.368801
-38.493642 -66.132010 -59.059363
-15.340354 -81.954734 -36.611779
-77.310706 -54.372891 -75.753086
-12.385205 -66.339247 -37.932804
-31.034548 -11.063269 -16.366537
-4.705041 -86.332181 -31.093552
-20.499988 -109.400623 -72.063815
-14.123695 -100.712853 -78.524929
-55.607945 -42.677776 -116.277344
-68.652555 42.301196 11.754509
-43.095334 -39.620161 -80.952118
-62.364663 -32.417697 -56.854280
-27.674571 -9.479029 39.520198
-26.253032 -95.097494 -32.076187
-77.512410 -77.039485 -109.591453
-42.150687 10.108179 87.496747
-60.054669 7.595031 -13.652816
-28.616597 -3.109835 35.601434
-46.534019 60.985047 42.705532
-11.723384 -65.188880 -15.326967
-20.457858 -78.625126 -43.033555
-47.440679 -77.426034 -104.244737
-37.198092 32.071822 23.817060
-37.542757 34.989484 26.337646
-46.194163 -68.661274 -111.627489
-32.795707 -9.559214 -20.469972
-80.964251 -71.119699 -102.378237
-13.081202 -93.214059 -31.423820
1.166432 -86.728067 -34.692629
-15.310461 -102.426702 -37.238486
-32.062581 -38.535178 -9.183310
0.934197 -67.760222 -51.219739
-30.325059 5.430838 42.455837
-3.486257 -89.057611 -31.668800
-61.018750 -24.282232 -68.974214
-33.994231 11.398503 7.415643
-63.999076 -38.013950 -84.313937
-87.134202 -60.033389 -72.589454
-76.660541 9.820151 -24.615914
-44.419189 -34.938965 -87.202694
-31.905618 -45.592447 -72.181040
-49.066612 42.880336 53.536947
-5.022096 -52.856307 -65.119638
-44.402294 63.434606 40.939438
-28.004361 -11.910129 0.286712
-17.587884 -60.580027 4.832904
1.388213 -71.302380 -96.170295
-69.316276 -77.524630 -67.805282
-3.259529 -107.097527 -50.589099
-54.973325 -36.369401 -111.766061
-26.830979 -41.387596 27.029253
-67.383311 47.875958 -0.125159
-52.426414 -48.891277 -66.648893
-4.898874 -83.500242 -31.531475
-9.830381 -94.405363 -29.904059
-18.993998 -41.904432 4.914697
-9.434107 -73.433830 -43.765000
-59.288933 -37.565792 -85.164608
-35.611712 9.973452 86.211104
-43.303404 -82.908842 -98.806940
-45.919566 5.218141 -27.539210
-63.970261 -74.788047 -109.284231
-1.512377 -68.000769 -95.755716
-90.253044 -62.574926 -84.241566
-26.040296 -55.368800 -18.327274
-26.019165 -50.609886 -64.783192
-35.602416 -59.675452 -56.589044
-89.242968 -53.325244 -92.083680
-14.049192 -79.105486 -97.225041
-35.251727 -60.931761 -57.225312
-76.751231 -37.559219 -78.893036
-58.107239 35.982905 19.440176
-62.984178 40.632415 -4.922544
-4.290113 -91.149597 -30.865081
-3.328402 -87.235658 -32.336805
-45.345473 -64.743320 -61.545746
-28.694769 -2.748822 36.348107
-28.091226 -29.662302 -36.252820
-75.242873 -62.180055 -103.714421
-50.598350 22.417523 21.027498
-36.504186 -42.500918 -77.093425
-80.348703 11.571247 -29.656105
-25.305348 -70.275415 -48.085799
-47.763776 -56.208537 -67.284739
24.240200 -91.546567 -80.069183
-76.659497 -36.041425 -91.621320
-34.715423 -20.840439 -41.371587
-54.383043 -51.115825 -70.057042
-39.350379 -22.627933 -9.618279
-67.698169 -38.675804 -65.288944
-75.607581 -13.997484 -58.704654
9.417527 -57.120741 -59.019927
-82.154139 -46.041881 -82.679917
-12.719660 -62.287530 -9.100504
-66.184139 -70.502285 -60.031447
-28.546485 -9.750736 51.060116
-24.135333 -50.166016 -69.921720
-48.636159 22.455200 26.855159
-9.172935 -86.167241 -28.342889
-57.593804 68.215086 34.600837
-61.849075 34.437112 11.954886
-75.773810 -39.912806 -87.664389
-30.252270 -59.819071 -44.395599
-78.054585 14.412258 -32.595377
-20.038048 -52.657010 -67.681058
-2.915179 -79.798890 -41.086192
4.707381 -51.137446 -64.986636
-59.518626 -82.217034 -53.173435
-30.030305 -23.470202 -97.352293
-24.768780 -80.677818 -44.316616
-44.541228 -84.928768 -57.263935
11.801753 -100.063946 -67.089763
-63.270435 -59.261015 -119.145115
-6.510658 -89.409540 -30.563794
-96.884233 -55.383361 -85.366268
-68.468824 -24.551466 -101.288178
-77.251338 -38.816739 -79.726225
-79.889282 -46.955487 -78.296597
-68.151548 -27.518244 -97.584620
-37.657094 -42.128562 -76.218026
-5.239636 -103.166834 -24.214877
-64.116253 30.132039 4.667624
17.380910 -60.688432 -67.936326
-76.424386 -39.710145 -81.027231
-12.930143 -86.098031 -33.553776
-9.126921 -73.612984 -44.207540
-40.732945 -7.552507 10.418969
-35.182795 -98.249111 -84.168443
-58.520048 22.155927 -20.737465
-14.792161 -96.570947 -28.889994
-19.683992 -102.512204 -45.809055
-19.809589 -39.162491 8.727979
-26.857885 -63.940969 -41.771272
-20.604816 -37.610121 18.015469
-80.248582 -7.040236 -46.841271
-56.235369 -49.123594 -69.779482
-67.112282 -42.283376 -68.390325
-45.782715 -53.610817 -65.054862
-10.549113 -70.881257 -47.103761
-47.304232 -50.809927 -63.743142
-10.153317 -67.193268 -53.128131
18.379742 -70.922324 -70.134439
-53.727101 -82.965741 -68.660828
-37.587050 -66.891437 -58.253463
-61.166063 -50.520096 -72.903839
-47.553315 37.319568 53.809040
5.150023 -97.992604 -55.318333
-36.772463 -7.823452 46.728630
13.173652 -53.567003 -74.804874
-81.060761 -45.306505 -81.779858
-10.428792 -85.901141 -28.763788
-41.419425 41.881251 22.452447
-76.052528 -69.610523 -62.448467
-21.398122 -32.427621 -85.540737
-56.317582 -15.993517 -112.103639
8.086370 -65.730434 -78.080649
-30.594076 -51.295848 -29.705337
-10.679071 -65.131061 -105.363691
-6.839296 -117.912322 -56.055797
-81.405237 -41.649957 -87.521812
-81.275692 -69.233170 -67.068440
-30.295782 -68.909290 -53.385487
-25.151841 -21.296687 34.448936
-43.214663 -2.676444 8.688838
-59.090054 -78.910578 -104.900646
-59.437382 6.848903 -36.926736
-40.491313 -8.320017 10.196933
-7.985388 -75.820187 -29.258482
-54.969952 -41.953819 -116.607369
-67.173605 40.984289 -6.635107
-64.411259 -47.877118 -107.575135
-79.529255 -36.458386 -74.891957
-47.663091 -53.154395 -66.477167
-50.594383 44.237455 48.118734
-80.058509 -79.942731 -107.501518
-69.708089 -53.931051 -74.666604
-71.085694 -50.202252 -75.368118
-57.624684 -33.782258 -78.054495
-52.350053 -53.166430 -69.608845
-31.377048 -66.905045 -54.502202
-36.906825 -23.070021 -48.479107
-79.252974 38.447460 -0.658461
-55.748025 34.923146 23.005364
-84.231439 -45.866267 -84.302586
-47.054514 53.753446 23.759565
-68.204210 -67.316533 -63.127067
-74.495119 -72.440543 -61.527024
-33.010808 17.359895 25.255323
-42.150943 -38.573290 -114.238657
-16.880878 -37.527834 -93.704290
-35.845450 -39.772507 -26.641018
-35.921005 -4.429656 -21.945694
-64.383871 -36.891863 -88.677875
-14.038361 -66.099493 -50.248805
-64.330177 45.830309 20.167647
-79.811596 27.660300 -18.040786
-29.344783 -58.378671 -39.084043
-79.365546 -10.656111 -53.131539
-27.705903 -46.735491 -73.692637
-79.467872 -42.115238 -79.891425
-20.285618 -37.409496 -0.175775
-67.377978 7.407174 -21.328472
-63.268982 -3.964430 -29.003530
-9.306003 -80.077326 -20.826181
-11.058086 -38.635029 -90.782506
-79.909450 -7.859320 -44.433820
-45.578764 -53.206591 -124.909071
-75.358373 3.693519 -43.111751
-31.964371 -44.095272 -76.458195
-24.106241 -50.765005 13.488684
-13.614225 -64.093152 -39.865324
-51.862083 64.903686 28.074049
-9.775266 -92.084484 -30.915834
-68.400108 36.790748 -11.151679
-29.651737 -36.243533 13.814880
-12.338836 -66.454505 -5.489521
16.138542 -50.516134 -63.619514
-74.956278 -32.898831 -75.463147
-40.963130 6.993966 40.603265
-57.940219 48.899997 6.557597
-89.292289 -63.622031 -83.174621
-76.511722 -40.791861 -85.985892
-5.510213 -91.522788 -30.621905
-25.975848 -62.666172 -35.982323
-44.070723 -37.274558 -115.243769
-46.666251 27.345393 41.936023
-12.414943 -88.976887 -32.686573
-40.739279 1.892505 29.271185
19.027540 -94.491983 -73.102982
-11.357608 -86.102439 -30.529953
-80.177939 -7.505473 -47.865229
-36.377318 -42.339555 -72.721207
-7.255423 -55.117514 -85.774909
-61.132350 -37.444240 -82.989069
8.612122 -49.233121 -65.985039
4.354720 -72.229846 -46.778859
-75.994205 -2.550174 -35.429083
-36.634812 6.727635 85.322375
-47.277009 -38.410153 -79.880175
-5.480634 -85.840832 -30.020789
-59.922510 -12.060418 -56.446629
-38.344625 -4.445978 33.470843
-45.461424 -6.451657 -3.526714
-33.291922 -67.443168 -55.913330
-27.601071 -16.224267 -7.045727
15.385846 -78.415966 -53.718201
-61.775474 -49.338929 -72.654913
-11.867707 -92.212397 -31.566556
-17.040626 -114.271896 -58.817658
-30.227333 -97.957357 -55.049712
-36.480419 35.849411 66.149231
-92.608595 -64.554026 -77.314033
7.993832 -88.338596 -32.221753
-58.635701 -11.358504 -32.055530
1.184781 -110.236576 -59.974060
-39.632635 -57.863381 -61.025808
-61.076241 -51.494137 -73.067231
-79.809668 -45.431126 -77.632974
10.377654 -57.588986 -71.787734
9.686717 -85.206554 -51.050330
-40.351090 -76.905870 -50.180272
-82.405813 -49.978488 -79.938669
-23.876819 -68.261489 -108.254156
-68.067702 35.929238 -11.845132
-27.317795 -24.161313 -22.889007
-14.388063 -65.663694 -49.218109
-65.988478 -84.805243 -89.707987
-43.093437 17.654810 75.772264
-64.171721 -37.921494 -83.660298
-78.692127 74.756115 25.419752
-85.184348 -47.854101 -82.807352
-24.838811 -80.603823 -44.392371
-81.872130 -53.992632 -90.277232
-8.195952 -76.138044 -35.862323
-79.195912 -20.220668 -53.809461
-16.743678 -55.616011 -35.507579
-34.959275 36.200839 58.609661
-77.132495 -48.589734 -76.096626
-72.476188 -10.628782 -56.052616
-71.406808 -37.626007 -80.675890
-50.698437 35.916297 37.722865
-70.606045 36.302486 -12.390784
-46.611874 -79.068810 -102.683917
-73.637878 -53.228002 -75.610057
-45.087332 29.842997 65.639263
-77.844788 -48.787020 -76.603533
-63.491064 -36.179918 -80.730018
4.952692 -105.675286 -71.047938
-20.943044 -86.251014 -92.185808
-80.751801 -47.101018 -79.735594
-4.420773 -76.728980 -97.678419
-9.761097 -87.517120 -29.970228
-34.502515 -76.994500 -49.128753
-42.001938 13.600500 70.560162
-48.373095 -36.791397 -117.741916
-19.483210 -99.057338 -80.851900
-43.685674 -81.645211 -46.631645
-26.358185 -13.383354 17.878033
-77.141170 -47.711121 -75.568388
23.844380 -53.707750 -59.571188
-83.477477 -62.645479 -88.998503
-28.226445 -65.891681 -49.587731
-35.934137 -12.519821 56.188958
-40.589482 7.519774 48.188496
-4.560605 -83.875079 -32.854864
36.765964 -64.440068 -53.684914
-35.522742 -33.440612 -59.627740
-100.625405 -60.985497 -84.188518
-24.162667 -24.571235 1.220127
-34.439996 9.556657 80.704141
-67.442499 -77.116755 -57.697626
-42.843613 13.389533 39.714367
-14.810813 -90.839880 -33.550158
-28.109274 -61.214786 -40.513551
-22.776691 -70.915337 -42.944046
-23.728035 -102.272763 -28.435500
-80.147012 65.022257 18.634929
-75.025841 -39.773501 -81.860601
-63.456352 -28.339059 -53.551207
-46.004629 -71.192209 -56.070703
-21.671042 -52.665390 14.669130
-60.899529 -48.336603 -71.570102
-0.875121 -60.767733 -84.359844
-25.229649 -20.738031 34.179826
-40.138662 44.244511 28.840613
-64.583828 -38.020664 -83.794867
-78.775406 -41.591340 -80.991327
-62.788831 57.470037 11.522303
-31.801138 13.852618 34.107413
-4.069345 -88.253362 -31.533245
-61.446915 26.533657 -17.980888
-18.305077 -46.749753 -90.271566
-33.000387 6.318956 3.802880
-64.369583 -50.155328 -73.823062
-26.587350 -64.776409 -42.614008
-8.381926 -68.013222 -105.886679
-9.430059 -109.278309 -30.324753
-81.617868 -73.290387 -73.437793
-75.837314 53.689010 2.561612
-57.517507 -42.834816 -64.175442
-59.105848 0.767189 -19.730223
-40.153221 4.670776 82.466912
-79.669993 -43.050752 -81.320410
-33.344625 -19.266127 54.521852
-77.628974 -11.626863 -55.989690
4.257203 -89.029979 -46.217243
-6.531788 -80.298074 -25.137730
-53.726234 -9.725151 -51.332969
-43.584311 -102.473475 -81.910288
-46.103899 -6.908731 -5.729838
-58.861401 65.968223 22.402706
-35.680505 36.328659 39.885367
-59.825591 21.641424 1.489658
-34.555317 -16.922860 35.365325
-80.503792 -53.698560 -76.901988
-67.211898 26.110682 -2.712987
-59.559858 40.209278 -3.251485
-56.277279 41.944365 29.690443
16.047963 -73.945021 -43.344600
-28.460654 -44.156806 -60.350075
-78.171006 38.623413 -10.405098
-12.967454 -97.518598 -81.098529
-21.827409 -40.360907 -26.482572
-69.713180 -48.571808 -74.505835
-8.344583 -89.265580 -87.475373
-34.287580 -46.593021 -114.019098
-6.731817 -88.348539 -30.248772
1.585739 -60.079848 -57.762563
-32.406825 -2.860944 72.065618
-80.428253 -45.467545 -79.820462
-39.586333 4.111934 56.342604
-34.453846 -87.369757 -93.468748
-39.193768 -30.612491 -90.078626
-47.831525 -83.337979 -59.189982
-80.256729 -45.395825 -79.263581
-43.034019 19.149294 70.094744
-75.305258 -49.627495 -75.929849
-28.064044 -32.417859 -40.799799
-80.337620 12.575259 -28.149853
