0.644505 18.843866 42.103013
48.797945 -50.027075 29.551769
65.613882 -92.070525 31.019430
-11.677834 2.226055 29.765290
62.297230 -70.677902 77.693606
35.587070 -35.984432 -13.122105
39.738512 -45.955218 48.888322
17.831757 31.472844 62.220573
19.335529 -47.719599 85.176780
-23.819072 -17.983297 26.910691
27.452483 -18.312447 22.934437
46.687951 -33.399405 8.055763
6.620715 14.828530 50.962937
63.840216 -114.406912 78.858144
31.377935 3.728195 -16.109781
39.364758 16.316360 46.794094
54.772044 -59.287335 23.383272
-0.821303 12.531437 -3.119410
69.087421 -119.292306 60.169811
34.825142 -5.159972 33.345802
48.511160 -82.147613 98.046299
87.644742 -2.192737 -13.030304
65.659688 -122.587965 73.574778
72.196507 8.994797 -18.351866
-15.277538 -1.539154 15.717391
31.472400 -39.102943 88.831798
7.665478 -30.817157 -1.792052
11.826565 18.653724 53.408011
57.166428 -86.244411 62.922735
24.662443 -9.668551 -26.592455
74.589757 -28.100028 -21.050812
52.912881 -105.804528 152.109611
4.294808 -12.267389 30.646187
32.575122 -1.772299 34.257899
37.157157 -4.018956 -23.782215
25.705955 28.219846 36.045723
70.205426 -86.291819 30.027835
12.196567 27.279865 7.483458
46.897801 -54.366862 -26.649465
72.425666 -116.713278 64.945228
62.490979 -90.837281 38.707994
70.905444 -1.448548 11.069128
32.139432 36.412748 14.570072
72.819060 -156.758506 102.676580
104.469325 -11.785312 -1.262839
2.652160 -19.553903 21.848302
66.879373 4.780019 31.212095
60.383902 -54.439231 -0.551434
79.019573 -44.267819 -20.404353
19.553878 -20.548954 37.390339
18.886236 -14.789610 25.660883
45.204289 -96.691427 145.188113
66.808026 -55.031277 -7.325070
40.226790 -45.939046 -20.597681
10.659367 35.499383 14.857969
70.314181 -54.658780 -19.830416
64.310429 -52.493385 -16.406157
36.798542 -81.799380 155.063278
68.564851 -30.114311 -28.343752
-6.864237 -9.912869 37.402488
63.976144 -37.512706 0.327877
98.907422 -25.973674 0.246074
58.747134 -49.879369 44.956349
-4.759122 -3.375716 40.202629
64.067565 -68.171053 52.124924
-5.041385 -13.640721 28.331877
66.730331 -75.015095 45.673579
68.365378 -82.316644 44.466520
20.291065 23.149769 55.890949
49.701372 -8.789855 23.377681
30.763413 32.642738 9.033368
-8.199558 -11.403424 31.369560
9.941931 17.376819 -0.717059
44.123687 -69.737852 84.616856
42.587202 -67.003666 83.392278
53.258617 -40.805460 -1.828431
63.413840 -52.370338 -10.468713
62.482005 -52.157577 -9.501266
31.575603 -80.004205 132.510950
43.566641 -32.890672 4.048336
-2.456719 -1.440498 40.416376
61.015156 -61.244207 -23.983726
31.796408 -86.548580 161.294278
39.491623 -51.740877 -19.330482
54.537672 -25.145615 15.858090
71.305995 -50.239445 -16.120556
-3.253145 -8.076719 4.856902
56.736205 -99.946854 105.371638
58.409799 -74.196369 32.601479
70.006013 -45.818291 -10.326971
26.394377 9.700377 -10.107127
70.937220 -105.132485 141.920995
73.558967 -111.401188 135.892859
54.973341 -52.763941 -28.965972
56.892926 -57.768445 14.342039
20.647656 -21.994229 68.079794
42.324046 -29.343692 12.440284
-23.580486 -1.529300 28.682903
42.058138 -30.853924 62.872577
27.292330 -43.283544 -13.238650
65.621486 -126.738365 94.067129
25.012484 -29.894255 78.233575
64.350168 -90.480350 131.097360
69.959273 -92.400510 46.100383
18.250334 35.336844 34.408267
71.098034 -129.551409 71.936144
45.998486 -33.239078 10.554783
33.091722 -83.751910 159.007322
33.261976 27.326717 4.013131
78.471237 -12.845405 -28.439484
35.900643 -82.593319 131.947911
70.279382 -101.103435 100.989027
69.800372 -120.390713 61.521751
68.790442 -119.465075 60.358966
46.908611 -8.244768 24.781209
63.602076 -55.085827 -19.081566
44.671914 -80.836520 108.804808
68.891107 -135.444120 78.782347
61.103038 -50.592132 -10.286765
2.021243 0.583762 40.768283
-2.784717 -6.459078 42.652284
33.642344 -25.269395 11.875279
57.711724 -45.852271 -5.075755
-5.182317 -13.470802 28.523422
62.862471 -41.645448 9.418861
57.815295 -57.048405 69.465598
68.338542 -50.185578 -10.644950
41.609415 -16.438352 -35.279770
47.985708 -7.750582 -28.818656
10.142984 31.362565 30.782922
35.310857 -82.216342 132.025960
29.384551 -0.544498 35.831430
16.405268 -26.026070 49.473865
71.806285 -110.704524 77.364935
45.856372 -54.096756 -15.267388
-15.403008 15.922787 2.247868
69.958716 -156.737174 105.159673
33.240606 -61.489245 93.424468
71.193157 -106.044335 83.257089
65.575385 -105.860307 149.950888
67.929001 -63.382620 13.241277
52.090720 -39.906400 -1.674978
14.668723 15.536238 -3.098848
66.383052 -90.459399 117.669807
66.995537 -92.515234 120.892121
15.915240 24.300998 4.283904
55.584007 -53.101484 70.748254
-16.433247 9.259562 9.564261
59.044733 -52.299217 -15.820570
73.287421 -45.787523 -12.581439
54.298942 -48.435574 -25.105097
53.705361 -68.506287 43.790965
73.043604 -26.759498 3.876181
72.210117 -111.665372 92.755221
68.968825 -49.853069 -13.600707
16.757668 -12.728162 55.632724
63.054599 -77.189814 94.877334
8.764527 -0.412524 40.895550
-15.024797 -19.032651 25.245879
15.459401 -53.156917 97.335569
27.690216 6.061774 39.859119
40.899387 -8.206158 29.011072
62.212987 -119.653225 134.140644
67.087308 -11.855568 17.776064
67.707109 -103.410747 151.716981
63.735760 -72.913589 70.154016
66.776127 -83.256093 21.351162
64.480028 16.555127 -5.278815
0.293127 -23.533502 5.461699
62.711595 -34.201347 -33.584159
12.627991 28.056053 37.373956
65.100157 -103.383594 44.557560
35.218227 -69.565081 135.734390
21.521480 -17.443615 30.336260
68.528505 -49.347903 -7.904249
62.285477 -53.438161 -17.400791
68.461829 -80.646045 39.820265
63.475794 -36.592595 1.224406
13.240748 1.251123 40.342696
76.030414 -154.443854 103.641647
18.805999 10.053429 -8.536645
43.944330 -46.036164 86.722583
-1.860858 18.174225 1.940646
62.283930 16.196091 -1.466443
-20.643641 -8.583799 21.897983
55.091517 -61.249874 25.118154
47.174255 -15.241857 23.943710
37.954818 -26.197860 17.932451
-19.633566 0.665883 29.740096
48.060211 13.856785 -10.118544
37.971249 -25.717312 16.563169
-2.498866 -7.693632 44.407228
45.941732 -88.979210 124.853646
37.404173 -65.308564 127.252650
68.001091 -51.093518 -15.387695
69.292345 -48.891933 -11.938715
26.763931 -23.742582 14.202171
71.316050 -106.728088 83.716807
53.917854 -40.101788 48.307300
-9.689579 12.887233 17.034184
51.310847 -91.426004 110.427684
36.025454 -3.683790 32.271266
11.225801 -48.571641 99.103130
47.803243 -34.466599 6.737340
24.731015 -17.210328 22.253485
86.349603 1.415704 -27.274402
-4.550093 4.959313 44.277746
47.973387 -34.811902 57.504444
18.625747 -14.788431 28.109780
49.146766 -66.780390 60.601144
8.640744 -19.652240 43.322425
6.220316 -23.495514 69.672034
81.526931 -16.120002 11.676352
-9.820386 -6.206894 36.682437
68.602441 -69.157369 17.033110
5.925265 -29.501546 12.687873
73.081233 -122.131654 78.706190
48.107818 -9.860248 23.380628
54.310524 -96.779262 110.824939
64.552802 -53.565213 -9.302690
54.515600 -98.630268 158.055583
40.662331 -82.535581 123.113546
-3.578793 0.643075 40.834491
45.400722 -37.231358 18.313554
13.358437 -44.891545 101.073510
52.092700 -11.767178 20.465548
69.259725 -39.138499 -5.864384
76.816785 -10.136707 17.643062
11.766120 -36.931246 0.881911
41.588692 20.078768 47.066274
47.340624 -39.677080 -3.026958
25.068175 -30.937641 -5.079648
75.350449 -14.580459 -31.618065
-0.510542 30.321209 15.704473
66.188979 -51.475743 -13.238383
-26.110722 -7.441115 30.007331
3.437823 17.502831 52.728058
-3.343763 -7.159569 43.171673
-6.952784 -10.252453 35.915584
3.957856 13.482495 50.241046
35.133175 -4.665701 32.959640
66.376798 -59.604545 -26.086521
36.400583 -76.476569 118.433394
86.990312 -6.697305 5.592743
-2.931663 -5.897341 41.983568
59.947204 -49.087639 -9.182144
63.661313 -36.139549 0.936944
54.012332 -84.171216 78.052696
26.926607 -5.286839 -23.175142
35.763294 -52.062493 106.437514
57.317243 -55.570209 -18.453581
48.441218 -40.808986 -25.439685
68.831952 -84.065251 43.121262
48.511782 -39.881050 13.989271
70.055053 -93.000425 45.943745
5.078447 -34.720288 78.803442
17.206846 -15.048345 30.432774
8.041017 -17.099178 39.310118
27.490087 -18.655271 24.691674
62.184100 -33.121926 3.503041
26.716873 -19.742676 27.869770
62.036813 -26.611994 6.268912
85.884008 -5.992586 -4.839965
14.351199 -21.018769 -2.869373
34.548396 -26.026015 11.066138
11.617656 -13.023200 29.606153
62.827054 -120.541461 128.473175
71.450072 -26.805570 -26.881373
64.613115 -118.946174 81.584837
82.783055 0.424124 12.461290
-8.473005 -6.791358 37.306397
63.300481 -53.317488 -8.860574
63.630624 -88.282622 127.847847
-3.943124 -28.609784 15.104893
50.711283 8.573117 38.197162
14.571077 31.350399 57.435593
75.265448 0.889034 1.155114
49.208021 -50.267514 28.517919
52.068182 24.516841 1.847210
56.462586 -31.146354 -44.132913
-9.289582 -0.681695 40.215737
-9.808034 -24.897819 15.874386
42.196899 -29.900115 8.341571
71.380369 -107.200570 64.744324
52.075542 -82.126683 83.052395
3.019349 14.051693 -2.442939
29.353587 -38.830312 89.672550
54.080154 -84.035579 77.231867
67.211717 -50.863610 0.441109
10.816717 31.900818 31.327380
33.081697 -64.265349 128.166921
2.402170 20.642312 28.455712
-4.261122 -11.870888 46.500760
25.475905 -17.503569 25.311138
59.937412 -114.410406 135.072036
-17.949107 13.019540 0.157933
2.458180 -13.225790 27.664216
1.597572 -12.183390 31.467717
16.800505 -4.814691 44.605629
20.346266 -15.215390 25.786759
41.265487 -28.674536 10.357412
44.155767 -28.591410 54.854657
22.088500 -72.446092 128.707305
48.723609 -92.235195 123.824442
-12.108505 -4.935834 37.040193
60.344520 -88.616113 140.634642
3.905195 -26.315795 15.783493
-2.721151 -29.696825 12.170831
68.320239 -93.479476 102.730959
24.228195 32.202787 32.513482
52.728525 16.463293 31.360707
46.566470 -52.305209 41.112537
53.112612 -51.369711 76.147401
7.755722 3.952010 41.515433
58.990658 -29.877210 8.422915
41.648680 -89.159792 135.705495
16.536532 -57.287067 116.129557
47.509659 -42.033873 20.210696
4.167317 -29.013408 74.328720
44.498829 -6.230093 26.921032
-6.057615 -7.873929 40.352967
66.985995 -75.193907 43.805454
24.676461 -55.229528 93.655106
25.371459 -48.861479 80.846177
66.822154 -59.958639 -2.404877
58.737403 14.389166 29.555440
5.725375 -37.138730 78.242770
16.530638 39.755681 17.565486
12.258066 -35.882659 88.810385
40.283615 -3.814624 29.946110
63.678188 -91.214086 33.217892
61.674231 -39.611251 11.596060
58.306727 -91.858049 152.938811
62.526026 -52.080823 -15.276414
30.365719 -60.719349 123.746641
60.725144 -90.163388 48.446406
68.971791 -73.264723 13.353285
88.247946 -9.515396 16.275940
0.639852 -10.015650 49.039925
61.810949 -111.343620 96.041209
45.785523 -74.382574 135.796853
-19.682886 -9.630904 20.831038
-4.121668 -1.249424 40.326219
66.804115 -51.586869 -15.492122
50.658684 -45.178688 15.789515
22.390837 33.073240 34.013129
59.840603 -110.388258 117.105098
60.141437 -50.298699 -11.975152
59.074665 -101.063772 89.612484
82.127725 -6.677968 -28.295908
62.036848 -51.779025 -9.103311
4.879345 -33.783890 78.208932
36.994350 -7.897734 32.951218
60.683735 7.552458 13.409858
11.882590 -1.148800 41.078704
80.721527 -8.232383 18.641465
76.464124 -31.229108 -0.564716
12.068755 -44.446542 83.806841
74.345593 -154.251274 100.560058
25.731024 -2.078825 37.928371
67.868115 -51.279915 -9.886720
22.153148 -22.845855 68.900578
61.152681 -105.756953 83.512994
46.995558 -71.180037 78.268609
39.058486 -27.694722 10.015778
62.051087 -66.378349 64.958672
84.844900 -23.643605 -9.527474
11.265760 -13.180122 30.902318
60.356193 -51.806596 -15.090044
46.653330 -29.543205 -39.018607
37.234348 -32.806342 -20.180201
75.628985 -130.995942 126.507189
-21.948035 -16.024875 21.277396
80.103237 -47.337858 -15.121822
28.087053 -46.290954 72.392049
64.747622 -24.826591 -38.648895
33.512894 -22.246507 19.898983
11.515870 -13.001619 28.619900
-6.503704 -10.647897 37.468761
79.987057 -3.597859 9.444151
78.721441 -28.229307 -14.741328
31.758314 -35.905131 2.836697
-10.189436 -9.533595 33.236929
38.232583 24.700783 0.910571
30.417823 -60.124368 122.758282
58.066080 -52.136746 55.192254
58.915904 -30.870086 9.041911
-1.772051 -2.791396 -4.993447
68.072507 -144.288184 111.223399
8.734847 -1.062939 41.099704
33.417276 -92.089238 167.236668
-13.074063 -6.857941 35.469064
47.270593 -39.603084 -2.951204
-12.262727 -0.001505 27.933649
65.717899 -44.513486 -0.654571
2.651450 -29.819840 64.893630
60.836167 -43.040515 20.986647
75.745988 -123.348388 125.621917
-4.135020 -12.203543 34.081471
10.298119 -25.044503 72.698456
2.333414 -5.099245 43.117221
56.536197 -105.599011 125.684937
27.917102 -59.946607 123.529663
15.497529 13.893462 -4.659668
-1.411540 -12.834871 28.968086
66.220098 -132.835183 122.205318
-4.952135 -11.856162 33.959451
10.226458 -3.535202 43.035147
67.062095 -12.713015 -36.295647
41.166359 6.711258 -15.157777
-8.081793 -9.013264 35.755644
57.688630 16.233291 -9.665166
63.458701 -52.286156 -10.710985
37.606889 -35.993761 1.785179
67.494289 -139.666394 106.417203
17.832967 34.884006 34.978289
42.626193 -6.095066 -26.491685
28.423730 -40.644473 -0.711929
68.389644 -90.015322 70.608942
-3.901711 -12.582318 35.005141
95.953785 -12.707011 12.227613
-14.983193 -2.860027 19.964209
45.403646 -32.792667 11.368282
66.436460 -128.760850 78.034621
63.680532 -118.590918 97.431588
68.547202 -48.062194 -8.498294
107.832534 -18.020603 0.084332
41.722254 -19.125192 43.097718
-30.423828 -10.071396 25.397979
65.576509 -75.177480 57.214932
76.065279 -148.953399 102.327506
4.069764 -33.013182 6.771207
60.861074 -109.783631 102.513752
57.356002 -50.137460 -13.448949
47.977998 -40.883655 17.037183
51.113047 -39.165484 6.282474
47.819973 -58.354926 -22.276449
29.155120 -87.236090 157.177866
-1.743367 -4.868210 41.555443
16.629309 -28.784164 54.065170
26.104775 -30.191471 8.727129
65.950037 -92.265678 31.057344
12.480491 -13.938180 31.850225
66.212497 6.326976 6.885547
71.345249 -106.863727 65.269562
66.452890 -93.929245 130.708698
8.294283 -1.014244 41.063534
-5.507950 -6.608016 40.596065
43.410913 -78.667828 145.676163
70.582363 -102.455465 100.193593
68.559969 -49.954154 -12.690871
34.155604 -54.539410 111.596002
50.495015 11.446678 23.072117
62.515176 -74.302275 89.290500
8.401123 -12.590812 30.447295
48.480191 -39.146599 13.019253
53.727476 24.949049 -1.456906
60.179344 -55.287182 -32.018831
-11.992581 -19.381797 11.189515
28.476103 -72.647214 143.318893
18.036703 -19.733813 37.500702
31.911560 -56.480940 85.834668
70.067744 -152.361960 98.858873
-6.673263 -6.660694 39.300790
67.537003 -127.770249 70.767916
5.156088 -26.098469 72.700061
73.746956 -34.417134 -16.844239
68.665414 -55.342005 -3.679057
29.493802 -26.456949 70.653185
18.525092 -9.511204 -25.433297
45.885856 -69.209324 77.668366
50.635620 -87.302794 154.579420
71.557247 -105.202850 123.541143
38.582589 -74.010287 108.959425
63.152796 -108.936913 70.883351
-8.381540 -12.764580 29.635498
31.364826 -70.416806 114.173329
40.966098 -66.446716 126.407219
50.604450 -97.737199 131.599934
88.157367 -32.944282 -3.998974
46.688121 -18.949103 31.242726
21.337733 -62.746970 127.457534
49.141948 -4.556326 -26.245056
60.080611 -50.275271 37.930693
3.353624 -12.545869 32.906663
53.764819 3.696691 -19.868212
30.584753 32.012644 23.253095
66.206083 -51.652792 -12.123827
73.695143 -19.079110 10.418988
74.398823 -142.147175 88.768269
-7.519025 -8.622811 37.275828
65.627864 -126.904875 94.942575
27.655556 5.592514 -13.874837
32.915636 10.388247 42.735052
21.777878 -29.346852 -3.153602
-7.236800 -9.126310 37.383152
67.308207 -138.513537 111.958612
-2.502125 -12.231473 32.748642
52.644181 -36.097906 45.049152
11.681992 -49.880473 100.267520
