-30.638030 35.339075 42.103013
53.082674 42.605706 29.551769
97.901338 36.147010 31.019430
-22.407753 16.358711 29.765290
77.716458 43.971017 77.693606
34.315951 38.186074 -13.122105
45.026626 36.795936 48.888322
-32.981420 56.538161 62.220573
36.353133 18.244243 85.176780
-10.976560 -4.260586 26.910691
14.944270 39.977308 22.934437
37.627692 49.092233 8.055763
-24.172542 38.506957 50.962937
116.358384 23.442776 78.858144
-2.180760 54.397171 -16.109781
-9.089019 67.608044 46.794094
64.089344 43.149298 23.383272
-25.904211 30.913433 -3.119410
123.212862 25.544292 60.169811
7.240222 52.938455 33.345802
80.756483 26.297074 98.046299
31.080320 100.165188 -13.030304
124.353120 20.927959 73.574778
13.667515 92.380392 -18.351866
-20.946839 11.358670 15.717391
34.959326 33.063411 88.831798
15.880164 16.588904 -1.792052
-24.882333 44.927952 53.408011
88.632049 31.744358 62.922735
6.063416 41.883010 -26.592455
46.989201 75.905594 -21.050812
103.444834 18.280619 152.109611
-1.869741 22.944702 30.646187
3.181401 52.683718 34.257899
7.418080 55.528548 -23.782215
-26.227142 61.730917 36.045723
95.192604 43.012757 30.027835
-32.167789 49.561453 7.483458
55.890968 38.790239 -26.649465
122.648480 29.724812 64.945228
95.271866 34.059119 38.707994
22.066186 86.040626 11.069128
-30.105665 71.398923 14.570072
157.525362 10.042887 102.676580
47.800026 109.939418 -1.262839
3.619241 17.878870 21.848302
14.659052 85.668229 31.212095
62.696692 50.433362 -0.551434
63.205826 71.658032 -20.404353
12.931839 32.018662 37.390339
7.610280 34.320139 25.660883
91.698360 16.161333 145.188113
66.421480 55.700793 -7.325070
45.256759 37.226883 -20.597681
-40.054700 52.339958 14.857969
67.851966 58.923461 -19.830416
62.974803 54.806757 -16.406157
74.598596 16.327766 155.063278
45.721167 69.680731 -28.343752
-9.488338 14.457945 37.402488
49.834013 62.007597 0.327877
57.306556 98.028487 0.246074
57.929351 51.295810 44.956349
-14.097121 19.549606 40.202629
76.430630 46.757596 52.124924
-5.348498 14.172656 28.331877
83.689127 45.641598 45.673579
90.829978 43.406816 44.466520
-24.543772 54.506446 55.890949
17.821907 64.006707 23.377681
-27.528751 68.322250 9.033368
-8.865140 12.556247 31.369560
-24.718818 42.657358 -0.717059
67.815579 28.702292 84.616856
64.679462 28.738750 83.392278
47.326858 51.079569 -1.828431
62.419947 54.091811 -10.468713
61.769773 53.391199 -9.501266
70.432459 12.702156 132.510950
35.626461 46.643465 4.048336
-14.621867 22.511154 40.416376
68.905600 47.577555 -23.983726
76.210457 9.621191 161.294278
49.913709 33.689294 -19.330482
34.404561 60.017186 15.858090
64.520617 61.992064 -16.120556
-9.272945 18.503318 4.856902
100.283601 24.520552 105.371638
78.819824 38.845169 32.601479
60.041794 63.076824 -10.326971
-9.844601 53.067373 -10.107127
111.874997 34.226176 141.920995
118.614726 33.362324 135.892859
58.540567 46.585323 -28.965972
63.834388 45.745480 14.342039
14.730372 32.243264 68.079794
31.933390 47.340837 12.440284
-25.106847 4.173034 28.682903
33.108335 46.355438 62.872577
36.489798 27.353063 -13.238650
127.928371 18.819676 94.067129
23.754410 32.073303 78.233575
95.892350 35.847689 131.097360
100.359810 39.745236 46.100383
-36.118454 58.832659 34.408267
133.102812 22.155983 71.936144
37.144113 48.575302 10.554783
74.436127 12.141301 159.007322
-21.675659 67.828059 4.013131
35.719049 86.894366 -28.439484
74.837218 15.153193 131.947911
108.056817 35.670996 100.989027
124.520586 25.612522 61.521751
123.213994 25.200717 60.358966
15.953468 61.860648 24.781209
64.865748 52.897084 -19.081566
77.701420 23.627736 108.804808
137.102586 17.298372 78.782347
59.724574 52.979701 -10.286765
-14.135948 27.401312 40.768283
-10.439649 19.717809 42.652284
24.064094 41.859411 11.875279
53.924077 52.412667 -5.075755
-5.566118 14.135565 28.523422
52.856236 58.976757 9.418861
63.671999 46.904296 69.465598
62.990240 59.449108 -10.644950
20.399721 53.174618 -35.279770
16.064038 63.040535 -28.818656
-36.730302 49.824349 30.782922
74.215853 14.830912 132.025960
0.522809 50.534502 35.831430
16.100855 26.553328 49.473865
117.135056 32.192789 77.364935
55.136334 38.023389 -15.267388
-36.132058 19.980981 2.247868
156.076717 7.576422 105.159673
55.230536 23.401571 93.424468
112.792650 33.991899 83.257089
109.824391 29.218780 149.950888
74.214443 52.495914 13.241277
45.964300 50.517671 -1.674978
-20.761431 45.830590 -3.098848
96.890647 37.618694 117.669807
98.977296 37.121204 120.892121
-27.728678 51.292485 4.283904
59.138221 46.945403 70.748254
-30.876656 15.757155 9.564261
60.173801 50.343614 -15.820570
61.655852 65.933990 -12.581439
54.454893 48.165460 -25.105097
71.539849 37.616048 43.790965
45.055191 75.236852 3.876181
118.169092 32.062094 92.755221
63.017420 60.161204 -13.600707
4.760730 33.507469 55.632724
83.734623 41.370961 94.877334
-9.901496 32.743024 40.895550
-5.670656 2.830802 25.245879
39.123925 12.168760 97.335569
-6.045558 52.370301 39.859119
12.915419 56.675813 29.011072
120.088210 19.410398 134.140644
29.169862 77.530513 17.776064
108.768872 32.289687 151.716981
80.371884 44.098976 70.154016
90.848939 41.560760 21.351162
3.261837 89.477890 -5.278815
5.886158 13.846088 5.461699
46.334017 62.568144 -33.584159
-32.624275 50.323171 37.373956
107.441881 30.045576 44.557560
63.213225 21.076323 135.734390
11.226338 35.275325 30.336260
62.359774 60.032459 -7.904249
62.780528 52.580709 -17.400791
89.431422 44.325644 39.820265
48.786998 62.034337 1.224406
-9.104146 37.451370 40.342696
157.126492 13.981326 103.641647
-13.944542 46.672171 -8.536645
47.199636 40.397808 86.722583
-31.310786 32.834546 1.940646
2.474723 87.396495 -1.466443
-17.529048 3.189167 21.897983
65.948689 42.444700 25.118154
22.145947 58.592158 23.943710
27.024405 45.129890 17.932451
-25.034470 8.688759 29.740096
-2.611239 73.908740 -10.118544
26.616454 45.384394 16.563169
-9.227568 19.348086 44.407228
85.388106 20.656085 124.853646
60.619946 25.097665 127.252650
63.607814 58.702897 -15.387695
62.346812 60.921949 -11.938715
19.302628 36.665937 14.202171
113.446245 33.756451 83.716807
47.047078 52.002321 48.307300
-30.646477 23.411179 17.034184
90.191649 24.082479 110.427684
6.561966 54.716047 32.271266
33.036159 10.794992 99.103130
39.109555 49.524507 6.737340
12.629072 38.171507 22.253485
27.307749 100.847786 -27.274402
-21.210954 23.898145 44.277746
39.493669 49.499204 57.504444
7.479014 34.095138 28.109780
67.765880 34.531136 60.601144
6.698695 23.015968 43.322425
8.816854 18.998179 69.672034
40.082781 87.903376 11.676352
-14.175881 13.750833 36.682437
79.552243 50.191756 17.033110
13.870705 15.739641 12.687873
127.668715 27.583361 78.706190
17.952118 62.091452 23.380628
96.327545 24.003646 110.824939
64.024220 54.480743 -9.302690
98.033101 23.255744 158.055583
77.168059 19.305804 123.113546
-16.987332 22.581196 40.834491
40.302646 46.061484 18.313554
30.915421 14.481957 101.073510
21.596010 64.588997 20.465548
53.883781 65.770416 -5.864384
32.546023 86.815917 17.643062
23.225441 17.083120 0.881911
-11.235394 71.415231 47.066274
43.390656 46.518627 -3.026958
24.685855 31.599840 -5.079648
35.661256 83.324157 -31.618065
-41.155225 40.077446 15.704473
63.032774 56.942450 -13.238383
-21.252183 -0.974122 30.007331
-28.080001 37.087642 52.728058
-10.112529 18.883415 43.171673
-9.238524 14.211470 35.915584
-24.338271 35.527835 50.241046
6.966187 53.452356 32.959640
70.166433 53.040704 -26.086521
69.789927 18.644529 118.433394
34.654176 97.346152 5.592743
-10.999601 19.871419 41.983568
57.843728 52.730966 -9.182144
48.487408 62.421523 0.936944
85.259562 30.049427 78.052696
3.400825 46.034690 -23.175142
48.328072 30.299658 106.437514
62.142818 47.212068 -18.453581
44.921211 46.905816 -25.439685
92.577603 42.936577 43.121262
44.152877 47.430894 13.989271
100.927240 39.528227 45.943745
17.966859 12.396904 78.803442
6.994656 32.736377 30.432774
4.187815 23.773120 39.310118
15.259966 39.838462 24.691674
45.135463 62.651031 3.503041
15.815079 38.625137 27.869770
39.424053 65.778443 6.268912
33.490719 96.740424 -4.839965
10.737372 27.278102 -2.869373
25.172372 42.265765 11.066138
2.446234 28.908569 29.606153
121.164479 19.498078 128.473175
44.298325 73.833777 -26.881373
120.675950 21.842496 81.584837
26.383209 97.263275 12.461290
-12.996030 14.625468 37.306397
63.183523 53.520064 -8.860574
93.629289 36.323409 127.847847
8.164222 7.639246 15.104893
3.290088 73.562802 38.197162
-34.505720 53.653106 57.435593
22.221782 90.985290 1.155114
53.495938 42.840623 28.517919
-9.839132 82.709773 1.847210
40.563811 58.683841 -44.132913
-18.695442 16.973122 40.215737
2.017110 4.416068 15.874386
32.351692 46.952513 8.341571
113.887585 33.575912 64.744324
82.520549 29.394385 83.052395
-25.300465 34.999663 -2.442939
33.663813 31.364780 89.672550
85.176007 30.175982 77.231867
63.014020 58.134233 0.441109
-36.859576 50.676944 31.327380
57.555257 21.875900 128.166921
-31.316698 37.760480 28.455712
-6.491087 15.733301 46.500760
13.255471 38.669980 25.311138
114.410008 20.061103 135.072036
-34.890822 16.324372 0.157933
-1.958056 20.874935 27.664216
-3.291105 20.650827 31.467717
-2.071120 37.501302 44.605629
8.709031 35.371671 25.786759
30.824603 46.758676 10.357412
32.197754 49.303295 54.854657
59.143389 8.265140 128.707305
89.598811 21.437269 123.824442
-16.420710 12.404794 37.040193
92.275049 33.310815 140.634642
10.101728 15.583084 15.783493
9.716614 8.153985 12.170831
100.474704 37.786308 102.730959
-30.415351 62.442610 32.513482
-2.534384 79.254872 31.360707
53.939859 39.534125 41.112537
56.402765 45.671000 76.147401
-14.185697 34.051641 41.515433
40.728735 61.507787 8.422915
83.397969 16.847903 135.705495
43.239305 11.036507 116.129557
45.516215 45.486619 20.210696
12.568991 14.461283 74.328720
13.003817 60.781054 26.921032
-10.850802 16.175971 40.352967
83.971815 45.773604 43.805454
45.527389 19.114662 93.655106
40.359996 22.900572 80.846177
70.695765 53.249347 -2.404877
2.266303 83.421650 29.555440
20.384755 11.747939 78.242770
-40.805126 59.552777 17.565486
22.563311 18.033451 88.810385
8.804353 58.338306 29.946110
96.191794 34.898869 33.217892
50.500449 58.964809 11.596060
94.063752 29.925066 152.938811
61.725313 53.467699 -15.276414
53.126342 21.296793 123.746641
93.805340 32.866807 48.446406
83.293991 48.457946 13.353285
37.723532 97.026249 16.275940
-5.647283 20.905287 49.039925
112.690862 23.217026 96.041209
72.668944 27.819123 135.796853
-16.141852 3.497652 20.831038
-15.619817 21.164803 40.326219
63.436581 57.419611 -15.492122
49.814217 46.641347 15.789515
-32.087864 61.286637 34.013129
110.878321 21.988337 117.105098
58.989653 52.293646 -11.975152
102.420110 25.987259 89.612484
32.206137 93.144696 -28.295908
61.219359 53.194957 -9.103311
17.056363 12.692676 78.208932
10.695798 53.448164 32.951218
9.160231 81.688869 13.409858
-7.704832 35.075208 41.078704
32.849200 91.149685 18.641465
50.636246 75.964304 -0.564716
29.885196 13.587561 83.806841
156.117303 12.618519 100.560058
0.024811 46.603292 37.928371
63.702751 58.494538 -9.886720
16.220648 33.121246 68.900578
107.523533 25.440283 83.512994
70.500483 30.468312 78.268609
28.872560 45.337264 10.015778
73.869863 45.907627 64.958672
48.257396 87.015020 -9.527474
2.406184 28.525357 30.902318
60.402909 51.725682 -15.090044
34.270815 50.990350 -39.018607
32.387283 41.201704 -20.180201
136.619290 25.357635 126.507189
-11.737085 -1.661009 21.277396
66.406390 71.061493 -15.121822
39.491652 26.537608 72.392049
39.233253 69.018774 -38.648895
21.381471 43.258748 19.898983
2.376652 28.831210 28.619900
-8.671519 14.402662 37.468761
28.468350 92.830878 9.444151
49.167001 79.419098 -14.741328
32.332897 34.909925 2.836697
-11.479399 11.767876 33.236929
-16.916230 70.819763 0.910571
52.637125 21.639407 122.758282
59.543770 49.577311 55.192254
41.551215 60.946610 9.041911
-13.109622 22.428645 -4.993447
144.352470 12.167412 111.223399
-9.353061 32.392114 41.099704
81.819242 8.254575 167.236668
-15.238897 10.607543 35.469064
43.291557 46.494976 -2.951204
-20.771076 14.738398 27.933649
56.767743 60.015611 -0.654571
12.509448 12.745287 64.893630
53.051247 56.524392 20.986647
130.054815 29.282739 125.621917
-6.139949 15.676180 34.081471
12.197219 21.755165 72.698456
-9.058233 24.830157 43.117221
105.078508 21.521261 125.684937
51.232819 19.562600 123.529663
-18.924343 45.726968 -4.659668
-4.231462 17.719119 28.968086
133.507676 16.289680 122.205318
-6.849346 15.142228 33.959451
-6.466213 32.447755 43.035147
29.899825 77.079954 -36.295647
0.130044 64.365725 -15.157777
-10.876197 13.853314 35.755644
0.144856 83.435448 -9.665166
62.369474 54.172753 -10.710985
35.333940 39.930624 1.785179
140.060774 13.977556 106.417203
-35.934968 58.244789 34.978289
11.950562 59.226817 -26.491685
34.769995 29.652420 -0.711929
97.509362 39.578492 70.608942
-5.695264 15.688844 35.005141
44.340471 102.103893 12.227613
-19.655757 10.953145 19.964209
36.460090 48.283362 11.368282
130.087381 18.514221 78.034621
119.901998 21.212483 97.431588
61.255666 60.691505 -8.498294
54.881551 109.734396 0.084332
22.783014 51.928920 43.097718
-21.130845 -6.024522 25.397979
83.252846 44.561167 57.214932
152.389051 16.756748 102.327506
15.984120 12.376912 6.771207
110.864934 23.174404 102.513752
57.457299 49.962009 -13.448949
44.754267 46.467322 17.037183
44.833811 50.041439 6.282474
59.805819 37.594832 -22.276449
75.485214 6.990013 157.177866
-11.296706 21.415079 41.555443
18.601455 25.368306 54.065170
24.557952 32.870647 8.727129
98.238423 36.340552 31.057344
3.670048 29.198316 31.850225
12.985910 85.864176 6.885547
113.578311 33.713918 65.269562
99.930542 35.944252 130.708698
-9.615513 32.034922 41.063534
-11.672281 17.284951 40.596065
75.192778 23.620023 145.676163
109.379200 35.257371 100.193593
62.900535 59.756581 -12.690871
49.669300 27.668900 111.596002
0.693378 74.812288 23.072117
80.964230 42.347577 89.290500
0.463508 26.339163 30.447295
43.501028 47.770761 13.019253
-9.383788 84.362868 -1.456906
63.328760 49.832233 -32.018831
-3.852178 5.282206 11.189515
62.511368 13.696406 143.318893
11.467319 31.112320 37.500702
50.228692 24.754735 85.834668
152.342184 9.858450 98.858873
-12.209317 16.249422 39.300790
129.779767 19.962620 70.767916
10.538965 16.775053 72.700061
52.038574 72.017155 -16.844239
67.619273 57.153974 -3.679057
23.018275 37.672892 70.653185
2.858474 36.646582 -25.433297
68.238944 30.492639 77.668366
86.283232 25.559320 154.579420
112.245948 34.727952 123.541143
68.745068 21.767343 108.959425
111.277515 25.582453 70.883351
-7.777336 11.718068 29.635498
62.024139 17.313317 114.173329
63.386577 27.613307 126.407219
95.304106 20.315124 131.599934
57.968253 85.233362 -3.998974
25.113449 56.317531 31.242726
50.368320 12.464518 127.457534
13.875852 65.638996 -26.245056
58.938952 52.252684 37.930693
-2.099163 21.990373 32.906663
9.039965 73.769029 -19.868212
-27.072402 67.852479 23.253095
63.194656 56.868738 -12.123827
38.729549 79.641295 10.418988
145.661460 18.716667 88.768269
-10.932955 14.535912 37.275828
128.075761 18.741944 94.942575
-5.656497 52.105655 -13.874837
-7.179684 59.058884 42.735052
21.663042 29.545753 -3.153602
-10.355800 14.528576 37.383152
138.969329 14.392832 111.958612
-5.299312 17.076343 32.748642
42.942778 52.901229 45.049152
34.397737 10.535649 100.267520
